Card 0:  4 54 61 1 26 |  59 62 35 20 4 66
Card 1:  62 41 9 31 46 |  5 53 17 45 48 53
Card 2:  36 33 58 22 38 |  46 17 58 30 56 48
Card 3:  5 0 30 17 24 |  38 68 46 30 40 57
Card 4:  55 60 8 41 64 |  20 28 52 30 4 4
Card 5:  63 38 9 68 10 |  19 49 47 19 14 12
Card 6:  56 21 24 44 55 |  53 57 31 35 18 66
Card 7:  22 15 34 58 38 |  21 22 22 61 44 41
Card 8:  55 28 0 5 42 |  40 31 10 33 57 51
Card 9:  20 49 63 30 67 |  34 66 61 63 8 21
Card 10:  62 59 51 17 53 |  44 68 49 62 21 56
Card 11:  12 53 4 0 56 |  68 8 6 44 11 19
Card 12:  13 58 62 17 58 |  55 64 57 43 33 58
Card 13:  54 42 66 66 19 |  30 41 4 25 61 3
Card 14:  14 37 55 31 37 |  11 5 13 36 20 61
Card 15:  18 46 51 24 44 |  23 10 24 54 26 12
Card 16:  39 59 66 54 57 |  26 34 46 14 0 26
Card 17:  54 52 48 25 8 |  54 11 7 44 32 46
Card 18:  58 54 24 36 59 |  37 64 63 64 33 51
Card 19:  56 43 44 35 61 |  57 61 61 10 46 51
Card 20:  21 53 8 39 2 |  41 41 9 50 47 36
Card 21:  23 30 21 39 12 |  6 28 9 53 24 56
Card 22:  2 50 25 43 24 |  66 41 6 6 4 46
Card 23:  50 41 21 20 15 |  44 21 3 68 65 44
Card 24:  11 50 56 44 7 |  18 56 60 57 56 22
Card 25:  45 54 43 65 58 |  49 24 12 55 19 5
Card 26:  23 24 54 46 48 |  6 6 21 39 28 6
Card 27:  22 12 46 23 38 |  5 50 54 9 44 24
Card 28:  62 20 21 51 59 |  42 4 22 22 53 19
Card 29:  65 50 12 50 15 |  30 13 54 39 37 68
Card 30:  12 44 66 60 31 |  68 37 1 20 49 29
Card 31:  12 65 60 12 51 |  27 36 45 8 24 67
Card 32:  3 9 51 4 2 |  55 43 22 6 45 41
Card 33:  60 21 2 26 16 |  37 25 31 31 49 53
Card 34:  3 16 0 15 3 |  7 22 15 49 8 1
Card 35:  55 23 53 6 21 |  6 48 58 58 42 23
Card 36:  4 51 58 62 46 |  9 17 33 32 22 11
Card 37:  58 1 19 35 10 |  67 39 18 13 68 15
Card 38:  36 42 0 33 66 |  54 65 18 7 7 7
Card 39:  27 68 1 27 18 |  39 53 19 3 47 66
Card 40:  14 61 38 59 59 |  22 18 3 51 19 57
Card 41:  22 43 64 60 19 |  5 62 49 21 60 35
Card 42:  27 63 66 45 48 |  19 40 40 16 7 58
Card 43:  6 42 67 66 6 |  48 10 4 16 4 1
Card 44:  46 55 28 61 11 |  13 8 46 58 54 39
Card 45:  22 16 51 24 30 |  19 48 27 65 62 49
Card 46:  24 8 68 19 68 |  16 9 50 58 11 26
Card 47:  1 58 22 21 46 |  49 26 31 42 38 33
Card 48:  19 7 62 53 45 |  43 0 41 37 64 6
Card 49:  52 36 58 21 14 |  53 54 11 15 59 20
Card 50:  9 48 68 10 0 |  66 33 61 10 53 14
Card 51:  52 61 28 50 2 |  56 58 63 53 38 19
Card 52:  57 21 29 60 63 |  59 51 38 57 2 64
Card 53:  47 59 38 23 30 |  28 47 20 67 3 4
Card 54:  7 21 53 39 21 |  25 3 21 59 40 5
Card 55:  64 31 4 2 18 |  62 58 45 2 53 45
Card 56:  33 2 19 32 5 |  18 30 14 65 60 37
Card 57:  44 40 54 42 37 |  54 7 13 61 46 62
Card 58:  55 60 45 8 20 |  24 41 36 25 0 54
Card 59:  5 21 20 61 46 |  50 15 49 31 25 9
Card 60:  62 6 32 62 10 |  11 31 22 21 57 51
Card 61:  24 54 29 55 52 |  24 29 46 61 16 25
Card 62:  6 66 23 24 10 |  50 0 64 29 41 40
Card 63:  62 22 60 31 48 |  51 59 65 13 53 66
Card 64:  11 31 7 13 8 |  34 31 35 43 36 68
Card 65:  47 17 44 16 9 |  1 57 15 51 2 20
Card 66:  17 52 30 60 59 |  8 21 10 43 34 19
Card 67:  7 56 66 5 6 |  4 56 67 52 68 39
Card 68:  46 37 17 59 42 |  45 8 33 37 44 13
Card 69:  32 48 40 59 54 |  51 21 35 14 19 21
Card 70:  0 56 46 55 34 |  20 40 24 16 6 6
Card 71:  21 68 19 7 37 |  45 59 46 39 32 9
Card 72:  25 45 8 9 31 |  56 30 34 37 6 64
Card 73:  55 43 59 7 47 |  42 61 62 36 68 62
Card 74:  0 47 32 60 23 |  29 49 55 41 35 13
Card 75:  43 14 11 13 32 |  55 30 22 22 0 64
Card 76:  36 20 43 24 15 |  21 40 1 43 60 24
Card 77:  57 7 61 17 2 |  37 65 22 66 13 19
Card 78:  63 39 38 6 49 |  21 18 48 1 61 55
Card 79:  52 2 3 21 35 |  51 24 65 61 48 30
Card 80:  43 28 46 4 1 |  18 1 16 26 34 31
Card 81:  9 62 52 7 57 |  47 0 27 22 26 44
Card 82:  3 37 19 66 62 |  49 11 16 60 9 38
Card 83:  23 63 60 37 7 |  61 37 5 46 8 10
Card 84:  45 67 54 4 14 |  21 16 5 29 53 6
Card 85:  9 38 5 52 47 |  42 65 37 49 32 49
Card 86:  1 0 59 29 8 |  48 45 34 4 6 41
Card 87:  59 39 41 21 20 |  44 63 12 46 28 40
Card 88:  6 39 0 65 36 |  14 46 6 16 3 34
Card 89:  29 45 68 2 38 |  48 50 57 40 0 16
Card 90:  37 24 45 44 64 |  36 53 12 57 18 28
Card 91:  48 68 42 38 31 |  55 2 8 29 48 26
Card 92:  20 6 10 46 47 |  13 23 7 9 2 52
Card 93:  30 8 55 63 33 |  14 2 13 25 9 48
Card 94:  33 9 41 14 38 |  29 30 57 16 61 41
Card 95:  37 25 55 6 55 |  16 55 32 18 46 18
Card 96:  36 65 51 26 62 |  51 12 33 6 20 50
Card 97:  12 18 66 28 35 |  28 14 7 7 53 51
Card 98:  64 4 12 16 54 |  39 6 28 54 40 36
Card 99:  56 55 2 27 20 |  26 9 4 18 34 41
